6.002085804939270020e-01
5.983396768569946289e-01
6.096097230911254883e-01
5.834478735923767090e-01
5.661660432815551758e-01
5.691588521003723145e-01
5.482088327407836914e-01
5.856279730796813965e-01
5.660513043403625488e-01
5.632638931274414062e-01
5.489439964294433594e-01
5.646227598190307617e-01
5.400609374046325684e-01
5.504675507545471191e-01
5.415228009223937988e-01
5.724387168884277344e-01
5.477679967880249023e-01
5.320620536804199219e-01
5.262009501457214355e-01
5.409946441650390625e-01
5.123839378356933594e-01
5.262407660484313965e-01
5.225104689598083496e-01
5.220246911048889160e-01
5.120666623115539551e-01
5.292490124702453613e-01
5.418007373809814453e-01
5.188418030738830566e-01
5.163719058036804199e-01
5.223459005355834961e-01
5.355126261711120605e-01
5.152512788772583008e-01
5.226064920425415039e-01
5.205701589584350586e-01
5.174727439880371094e-01
5.184538960456848145e-01
5.277435183525085449e-01
5.327243208885192871e-01
5.312167406082153320e-01
5.398027896881103516e-01
5.182007551193237305e-01
5.316911339759826660e-01
5.269790887832641602e-01
5.303553938865661621e-01
5.466065406799316406e-01
5.360764265060424805e-01
5.373970866203308105e-01
5.380092859268188477e-01
5.415934324264526367e-01
5.449196100234985352e-01
5.466809868812561035e-01
5.376456975936889648e-01
5.634651780128479004e-01
5.644030570983886719e-01
5.640277266502380371e-01
5.752198100090026855e-01
5.806904435157775879e-01
5.655780434608459473e-01
6.156491637229919434e-01
1.031456470489501953e+00
1.198683381080627441e+00
1.213321328163146973e+00
1.234426379203796387e+00
1.254664778709411621e+00
1.263772130012512207e+00
1.263029694557189941e+00
1.303982138633728027e+00
1.315901398658752441e+00
1.328091144561767578e+00
1.346270680427551270e+00
1.356599807739257812e+00
1.397300720214843750e+00
1.408010005950927734e+00
1.428167819976806641e+00
1.440521001815795898e+00
1.489847898483276367e+00
1.497568845748901367e+00
1.539126992225646973e+00
1.560260176658630371e+00
1.585991024971008301e+00
1.640257358551025391e+00
1.675580859184265137e+00
1.722318410873413086e+00
1.750615477561950684e+00
1.791265845298767090e+00
1.801919937133789062e+00
1.848970770835876465e+00
1.903926372528076172e+00
1.948313593864440918e+00
2.059347391128540039e+00
2.112558364868164062e+00
2.159500122070312500e+00
2.232937574386596680e+00
2.311895847320556641e+00
2.374500513076782227e+00
2.462751150131225586e+00
2.533911943435668945e+00
2.530068874359130859e+00
2.532550811767578125e+00
2.527575731277465820e+00
2.542619228363037109e+00
2.567790269851684570e+00
2.554994821548461914e+00
2.567011356353759766e+00
2.667260169982910156e+00
2.813675880432128906e+00
2.980385303497314453e+00
3.168009757995605469e+00
3.202656269073486328e+00
3.232802629470825195e+00
3.243662595748901367e+00
3.243745803833007812e+00
3.282377004623413086e+00
3.315984010696411133e+00
3.327782630920410156e+00
1.782260060310363770e+00
1.749849081039428711e+00
1.740103602409362793e+00
1.700236082077026367e+00
1.693868637084960938e+00
1.695777177810668945e+00
1.698007225990295410e+00
1.711061477661132812e+00
1.753500699996948242e+00
1.814251184463500977e+00
inf
inf
inf
inf
inf
inf
inf
inf
inf
inf
inf
inf
inf
2.508616685867309570e+00
2.455012559890747070e+00
2.437309265136718750e+00
2.419604063034057617e+00
2.430887937545776367e+00
9.769638776779174805e-01
9.592342972755432129e-01
9.418492913246154785e-01
9.177392721176147461e-01
9.245175719261169434e-01
9.054867029190063477e-01
8.857467770576477051e-01
8.944174647331237793e-01
8.881018757820129395e-01
8.811628818511962891e-01
8.961381912231445312e-01
9.028408527374267578e-01
9.186883568763732910e-01
9.065819978713989258e-01
9.266695380210876465e-01
9.494422674179077148e-01
9.800617098808288574e-01
inf
inf
2.019726991653442383e+00
1.983681082725524902e+00
1.923032879829406738e+00
1.919807553291320801e+00
1.935357451438903809e+00
1.953832149505615234e+00
1.944280385971069336e+00
2.022849559783935547e+00
3.007893323898315430e+00
3.009852409362792969e+00
3.031586647033691406e+00
3.089269161224365234e+00
inf
inf
inf
inf
inf
inf
inf
inf
inf
inf
inf
inf
inf
inf
3.117304325103759766e+00
3.054201602935791016e+00
3.010426044464111328e+00
3.016550064086914062e+00
2.044209480285644531e+00
2.000931501388549805e+00
1.981864094734191895e+00
1.968511581420898438e+00
1.948534846305847168e+00
1.968096971511840820e+00
1.965719699859619141e+00
1.997542381286621094e+00
2.027305841445922852e+00
inf
inf
inf
inf
1.069494605064392090e+00
1.023537158966064453e+00
9.909166693687438965e-01
9.676582813262939453e-01
9.610888957977294922e-01
9.542275071144104004e-01
9.493340253829956055e-01
9.380085468292236328e-01
9.388824105262756348e-01
9.293447136878967285e-01
9.529752731323242188e-01
9.501281976699829102e-01
9.749945998191833496e-01
9.653344154357910156e-01
9.955760240554809570e-01
1.013877749443054199e+00
3.084273576736450195e+00
3.025519609451293945e+00
2.975414991378784180e+00
2.900869369506835938e+00
2.859045982360839844e+00
2.813352108001708984e+00
2.747111082077026367e+00
2.718810319900512695e+00
2.682931184768676758e+00
2.645170450210571289e+00
2.608551979064941406e+00
2.590509891510009766e+00
2.509678602218627930e+00
2.501057863235473633e+00
2.453108072280883789e+00
2.466633558273315430e+00
2.412877321243286133e+00
2.409116506576538086e+00
2.364586114883422852e+00
2.352768898010253906e+00
2.299535751342773438e+00
2.296155691146850586e+00
2.270227193832397461e+00
2.253789663314819336e+00
2.252027273178100586e+00
1.840730428695678711e+00
1.636404991149902344e+00
1.619036078453063965e+00
1.603235125541687012e+00
1.582769036293029785e+00
1.581941008567810059e+00
1.583395957946777344e+00
1.559620618820190430e+00
1.572009086608886719e+00
1.554506063461303711e+00
1.538850665092468262e+00
1.537561416625976562e+00
1.531793117523193359e+00
1.519354820251464844e+00
1.515260577201843262e+00
1.484590411186218262e+00
1.426396369934082031e+00
1.366260647773742676e+00
1.338656663894653320e+00
1.256150603294372559e+00
1.198374152183532715e+00
1.164680600166320801e+00
1.126105427742004395e+00
1.102724313735961914e+00
1.064261794090270996e+00
1.047171115875244141e+00
1.019056320190429688e+00
9.889906048774719238e-01
9.522684216499328613e-01
9.055505990982055664e-01
8.932062983512878418e-01
8.977059721946716309e-01
8.867035508155822754e-01
8.420965671539306641e-01
8.295823335647583008e-01
8.123998045921325684e-01
8.075896501541137695e-01
7.949671745300292969e-01
7.847908735275268555e-01
7.624405026435852051e-01
7.402065396308898926e-01
7.370125055313110352e-01
7.282832860946655273e-01
6.977330446243286133e-01
6.876946091651916504e-01
7.056879401206970215e-01
6.646810173988342285e-01
6.605187654495239258e-01
6.812538504600524902e-01
6.636723279953002930e-01
6.505073308944702148e-01
6.399701237678527832e-01
6.390118002891540527e-01
6.356250643730163574e-01
6.379072666168212891e-01
6.191818118095397949e-01
6.184098720550537109e-01
6.005848646163940430e-01
5.918715000152587891e-01
6.066431999206542969e-01
5.906429886817932129e-01
5.732067823410034180e-01
5.677412152290344238e-01
5.912268757820129395e-01
5.749673247337341309e-01
5.750238895416259766e-01
5.626137852668762207e-01
5.833448171615600586e-01
5.585470199584960938e-01
5.441276431083679199e-01
5.516192913055419922e-01
5.614841580390930176e-01
5.470277667045593262e-01
5.451920628547668457e-01
5.339630842208862305e-01
5.508329272270202637e-01
5.433609485626220703e-01
5.505767464637756348e-01
5.410659909248352051e-01
5.372423529624938965e-01
5.218937993049621582e-01
5.496068000793457031e-01
5.415776968002319336e-01
5.358885526657104492e-01
5.372031331062316895e-01
5.267488360404968262e-01
5.535839796066284180e-01
5.381368398666381836e-01
5.350393652915954590e-01
5.427574515342712402e-01
5.373927950859069824e-01
5.326959490776062012e-01
5.562859773635864258e-01
5.498515367507934570e-01
5.568348169326782227e-01
5.592054724693298340e-01
5.434713363647460938e-01
5.535674095153808594e-01
5.721500515937805176e-01
5.526121258735656738e-01
5.594878196716308594e-01
5.837367177009582520e-01
5.458655357360839844e-01
5.688163042068481445e-01
5.894122123718261719e-01
5.899083018302917480e-01
5.904246568679809570e-01
5.906271338462829590e-01
5.978457927703857422e-01
6.043787002563476562e-01
6.069028377532958984e-01
6.268829703330993652e-01
6.018045544624328613e-01
5.939098000526428223e-01
